Keff: 1.26249

g=0
k=0
0.342151	0.342151	0.342151	0.342151	0.342151	0.342151	0.342151	0.342151	0.342151	0.342151	0.342151	0.342151	0.342151	


g=1
k=0
0.0744235	0.0744235	0.0744235	0.0744235	0.0744235	0.0744235	0.0744235	0.0744235	0.0744235	0.0744235	0.0744235	0.0744235	0.0744235	


